58
6 5
0 5
1 5
2 5
3 5
4 5
6 5
0 4
0 5
1 5
2 5
3 5
6 6
0 4
0 5
1 5
2 5
3 5
4 5
6 5
0 4
0 5
1 4
2 5
3 5
6 5
0 4
1 4
2 5
3 5
4 5
6 6
0 4
0 5
1 4
2 5
3 5
4 5
6 7
0 4
0 5
1 4
1 5
2 5
3 5
4 5
6 7
0 4
0 5
1 4
1 5
2 4
3 5
4 5
6 8
0 4
0 5
1 4
1 5
2 4
2 5
3 5
4 5
6 9
0 4
0 5
1 4
1 5
2 4
2 5
3 4
3 5
4 5
6 5
0 3
0 5
1 4
1 5
2 5
6 6
0 3
0 5
1 4
1 5
2 5
3 5
6 7
0 3
0 5
1 4
1 5
2 5
3 5
4 5
6 6
0 3
0 4
0 5
1 4
2 5
4 5
6 7
0 3
0 4
0 5
1 4
1 5
2 5
4 5
6 8
0 3
0 4
0 5
1 4
1 5
2 5
3 5
4 5
6 5
0 3
0 5
1 4
1 5
2 4
6 6
0 3
0 5
1 4
1 5
2 4
3 5
6 6
0 3
0 5
1 4
1 5
2 4
4 5
6 6
0 3
0 5
1 4
2 4
3 5
4 5
6 7
0 3
0 5
1 4
1 5
2 4
2 5
4 5
6 7
0 3
0 5
1 4
1 5
2 4
3 5
4 5
6 8
0 3
0 5
1 4
1 5
2 4
2 5
3 5
4 5
6 7
0 3
0 4
0 5
1 5
2 5
3 4
3 5
6 8
0 3
0 4
0 5
1 5
2 5
3 4
3 5
4 5
6 8
0 3
0 4
0 5
1 4
1 5
2 4
2 5
4 5
6 8
0 3
0 4
0 5
1 4
1 5
2 4
3 5
4 5
6 9
0 3
0 4
0 5
1 4
1 5
2 4
2 5
3 5
4 5
6 8
0 3
0 4
0 5
1 4
2 5
3 4
3 5
4 5
6 9
0 3
0 4
0 5
1 4
1 5
2 5
3 4
3 5
4 5
6 10
0 3
0 4
0 5
1 4
1 5
2 4
2 5
3 4
3 5
4 5
6 7
0 3
0 4
0 5
1 3
2 4
3 5
4 5
6 8
0 3
0 4
0 5
1 3
1 5
2 4
3 5
4 5
6 9
0 3
0 4
0 5
1 3
1 5
2 4
2 5
3 5
4 5
6 9
0 3
0 4
0 5
1 3
1 4
2 5
3 4
3 5
4 5
6 10
0 3
0 4
0 5
1 3
1 4
1 5
2 5
3 4
3 5
4 5
6 9
0 3
0 4
1 3
1 5
2 4
2 5
3 4
3 5
4 5
6 10
0 3
0 4
0 5
1 3
1 5
2 4
2 5
3 4
3 5
4 5
6 11
0 3
0 4
0 5
1 3
1 4
1 5
2 4
2 5
3 4
3 5
4 5
6 12
0 3
0 4
0 5
1 3
1 4
1 5
2 3
2 4
2 5
3 4
3 5
4 5
6 7
0 2
0 4
0 5
1 3
1 5
2 4
2 5
6 7
0 2
0 4
0 5
1 3
1 5
2 4
3 5
6 8
0 2
0 4
0 5
1 3
1 5
2 4
2 5
3 5
6 8
0 2
0 4
0 5
1 3
1 5
2 4
2 5
4 5
6 9
0 2
0 4
0 5
1 3
1 5
2 4
2 5
3 5
4 5
6 9
0 2
0 4
0 5
1 3
1 4
1 5
2 4
2 5
4 5
6 9
0 2
0 4
0 5
1 3
1 4
1 5
2 4
3 5
4 5
6 10
0 2
0 4
0 5
1 3
1 4
1 5
2 4
2 5
3 5
4 5
6 11
0 2
0 4
0 5
1 3
1 4
1 5
2 4
2 5
3 4
3 5
4 5
6 12
0 2
0 3
0 4
0 5
1 3
1 4
1 5
2 4
2 5
3 4
3 5
4 5
6 10
0 2
0 3
0 4
0 5
1 4
1 5
2 3
2 4
2 5
4 5
6 11
0 2
0 3
0 4
0 5
1 4
1 5
2 3
2 4
2 5
3 5
4 5
6 10
0 2
0 3
0 4
0 5
1 5
2 3
2 4
2 5
3 4
3 5
6 11
0 2
0 3
0 4
0 5
1 5
2 3
2 4
2 5
3 4
3 5
4 5
6 12
0 2
0 3
0 4
0 5
1 4
1 5
2 3
2 4
2 5
3 4
3 5
4 5
6 13
0 2
0 3
0 4
0 5
1 3
1 4
1 5
2 3
2 4
2 5
3 4
3 5
4 5
6 14
0 2
0 3
0 4
0 5
1 2
1 3
1 4
1 5
2 3
2 4
2 5
3 4
3 5
4 5
6 15
0 1
0 2
0 3
0 4
0 5
1 2
1 3
1 4
1 5
2 3
2 4
2 5
3 4
3 5
4 5
