113
7 6
0 6
1 6
2 6
3 6
4 6
5 6
7 6
0 5
0 6
1 6
2 6
3 6
4 6
7 7
0 5
0 6
1 6
2 6
3 6
4 6
5 6
7 6
0 5
1 5
2 6
3 6
4 6
5 6
7 6
0 5
0 6
1 5
2 6
3 6
4 6
7 7
0 5
0 6
1 5
2 6
3 6
4 6
5 6
7 8
0 5
0 6
1 5
1 6
2 6
3 6
4 6
5 6
7 6
0 5
0 6
1 5
2 5
3 6
4 6
7 7
0 5
0 6
1 5
2 5
3 6
4 6
5 6
7 8
0 5
0 6
1 5
1 6
2 5
3 6
4 6
5 6
7 9
0 5
0 6
1 5
1 6
2 5
2 6
3 6
4 6
5 6
7 9
0 5
0 6
1 5
1 6
2 5
2 6
3 5
4 6
5 6
7 10
0 5
0 6
1 5
1 6
2 5
2 6
3 5
3 6
4 6
5 6
7 11
0 5
0 6
1 5
1 6
2 5
2 6
3 5
3 6
4 5
4 6
5 6
7 6
0 4
0 6
1 5
1 6
2 6
3 6
7 8
0 4
0 6
1 5
1 6
2 6
3 6
4 6
5 6
7 6
0 4
0 6
1 5
2 5
3 6
5 6
7 6
0 4
0 6
1 5
1 6
2 5
3 6
7 9
0 4
0 6
1 5
1 6
2 5
2 6
3 6
4 6
5 6
7 10
0 4
0 6
1 5
1 6
2 5
2 6
3 5
3 6
4 6
5 6
7 9
0 4
0 5
0 6
1 6
2 6
3 6
4 5
4 6
5 6
7 6
0 4
0 5
1 5
1 6
2 6
3 6
7 7
0 4
0 5
0 6
1 5
2 6
3 6
5 6
7 9
0 4
0 5
0 6
1 5
1 6
2 6
3 6
4 6
5 6
7 9
0 4
0 5
0 6
1 5
2 6
3 6
4 5
4 6
5 6
7 10
0 4
0 5
0 6
1 5
1 6
2 6
3 6
4 5
4 6
5 6
7 10
0 4
0 5
0 6
1 5
1 6
2 5
2 6
3 6
4 6
5 6
7 10
0 4
0 5
0 6
1 5
1 6
2 5
3 6
4 5
4 6
5 6
7 11
0 4
0 5
0 6
1 5
1 6
2 5
2 6
3 6
4 5
4 6
5 6
7 11
0 4
0 5
0 6
1 5
1 6
2 5
2 6
3 5
3 6
4 6
5 6
7 12
0 4
0 5
0 6
1 5
1 6
2 5
2 6
3 5
3 6
4 5
4 6
5 6
7 10
0 4
0 6
1 4
1 6
2 5
2 6
3 5
3 6
4 6
5 6
7 11
0 4
0 6
1 4
1 6
2 5
2 6
3 5
3 6
4 5
4 6
5 6
7 10
0 4
0 5
0 6
1 4
1 6
2 5
2 6
3 6
4 6
5 6
7 9
0 4
0 5
0 6
1 4
2 5
3 6
4 5
4 6
5 6
7 11
0 4
0 5
0 6
1 4
1 6
2 5
2 6
3 6
4 5
4 6
5 6
7 11
0 4
0 5
0 6
1 4
1 6
2 5
2 6
3 5
3 6
4 6
5 6
7 11
0 4
0 5
1 4
1 6
2 5
2 6
3 5
3 6
4 5
4 6
5 6
7 12
0 4
0 5
0 6
1 4
1 6
2 5
2 6
3 5
3 6
4 5
4 6
5 6
7 10
0 4
0 5
0 6
1 4
1 5
1 6
2 6
3 6
4 6
5 6
7 11
0 4
0 5
0 6
1 4
1 5
1 6
2 6
3 6
4 5
4 6
5 6
7 11
0 4
0 5
0 6
1 4
1 5
1 6
2 5
3 6
4 5
4 6
5 6
7 12
0 4
0 5
0 6
1 4
1 5
1 6
2 5
2 6
3 6
4 5
4 6
5 6
7 13
0 4
0 5
0 6
1 4
1 5
1 6
2 5
2 6
3 5
3 6
4 5
4 6
5 6
7 12
0 4
0 5
0 6
1 4
1 5
2 4
2 6
3 5
3 6
4 5
4 6
5 6
7 13
0 4
0 5
0 6
1 4
1 5
1 6
2 4
2 6
3 5
3 6
4 5
4 6
5 6
7 13
0 4
0 5
0 6
1 4
1 5
1 6
2 4
2 5
2 6
3 6
4 5
4 6
5 6
7 14
0 4
0 5
0 6
1 4
1 5
1 6
2 4
2 5
2 6
3 5
3 6
4 5
4 6
5 6
7 15
0 4
0 5
0 6
1 4
1 5
1 6
2 4
2 5
2 6
3 4
3 5
3 6
4 5
4 6
5 6
7 6
0 3
0 6
1 4
1 6
2 5
2 6
7 9
0 3
0 6
1 4
1 6
2 5
2 6
3 6
4 6
5 6
7 10
0 3
0 5
0 6
1 4
1 6
2 6
3 5
3 6
4 6
5 6
7 6
0 3
0 5
1 4
1 6
2 5
2 6
7 10
0 3
0 5
0 6
1 4
1 6
2 5
2 6
3 6
4 6
5 6
7 11
0 3
0 5
0 6
1 4
1 6
2 5
2 6
3 5
3 6
4 6
5 6
7 12
0 3
0 5
0 6
1 4
1 5
1 6
2 6
3 5
3 6
4 5
4 6
5 6
7 11
0 3
0 5
0 6
1 4
1 5
1 6
2 5
2 6
3 6
4 6
5 6
7 11
0 3
0 5
0 6
1 4
1 5
1 6
2 5
2 6
3 5
4 6
5 6
7 13
0 3
0 5
0 6
1 4
1 5
1 6
2 5
2 6
3 5
3 6
4 5
4 6
5 6
7 11
0 3
0 6
1 4
1 5
1 6
2 4
2 5
2 6
3 6
4 6
5 6
7 12
0 3
0 6
1 4
1 5
1 6
2 4
2 5
2 6
3 6
4 5
4 6
5 6
7 11
0 3
0 5
0 6
1 4
1 6
2 4
2 6
3 5
4 5
4 6
5 6
7 11
0 3
0 5
0 6
1 4
1 5
2 4
2 6
3 6
4 5
4 6
5 6
7 11
0 3
0 5
0 6
1 4
1 5
1 6
2 4
2 6
3 5
4 6
5 6
7 14
0 3
0 5
0 6
1 4
1 5
1 6
2 4
2 5
2 6
3 5
3 6
4 5
4 6
5 6
7 11
0 3
0 4
0 6
1 5
1 6
2 5
2 6
3 4
3 6
4 6
5 6
7 12
0 3
0 4
0 5
0 6
1 6
2 6
3 4
3 5
3 6
4 5
4 6
5 6
7 12
0 3
0 4
0 5
0 6
1 5
2 6
3 4
3 5
3 6
4 5
4 6
5 6
7 13
0 3
0 4
0 5
0 6
1 5
1 6
2 6
3 4
3 5
3 6
4 5
4 6
5 6
7 12
0 3
0 4
0 5
0 6
1 5
1 6
2 5
2 6
3 4
3 5
3 6
5 6
7 14
0 3
0 4
0 5
0 6
1 5
1 6
2 5
2 6
3 4
3 5
3 6
4 5
4 6
5 6
7 11
0 3
0 4
0 6
1 4
1 5
1 6
2 6
3 5
3 6
4 6
5 6
7 7
0 3
0 4
1 4
1 5
2 5
2 6
3 6
7 11
0 3
0 4
0 6
1 4
1 5
1 6
2 5
2 6
3 6
4 6
5 6
7 12
0 3
0 4
0 5
0 6
1 4
1 6
2 5
2 6
3 6
4 5
4 6
5 6
7 13
0 3
0 4
0 5
0 6
1 4
1 5
1 6
2 6
3 5
3 6
4 5
4 6
5 6
7 12
0 3
0 4
0 5
0 6
1 4
1 5
2 5
2 6
3 6
4 5
4 6
5 6
7 14
0 3
0 4
0 5
0 6
1 4
1 5
1 6
2 5
2 6
3 5
3 6
4 5
4 6
5 6
7 14
0 3
0 4
0 5
0 6
1 4
1 6
2 5
2 6
3 4
3 5
3 6
4 5
4 6
5 6
7 14
0 3
0 4
0 5
0 6
1 4
1 5
1 6
2 6
3 4
3 5
3 6
4 5
4 6
5 6
7 15
0 3
0 4
0 5
0 6
1 4
1 5
1 6
2 5
2 6
3 4
3 5
3 6
4 5
4 6
5 6
7 15
0 3
0 4
0 5
0 6
1 4
1 5
1 6
2 4
2 5
2 6
3 5
3 6
4 5
4 6
5 6
7 16
0 3
0 4
0 5
0 6
1 4
1 5
1 6
2 4
2 5
2 6
3 4
3 5
3 6
4 5
4 6
5 6
7 12
0 3
0 4
0 6
1 3
1 5
1 6
2 4
2 5
2 6
3 6
4 6
5 6
7 15
0 3
0 4
0 5
0 6
1 3
1 5
1 6
2 4
2 5
2 6
3 5
3 6
4 5
4 6
5 6
7 15
0 3
0 4
0 6
1 3
1 5
1 6
2 4
2 5
2 6
3 4
3 5
3 6
4 5
4 6
5 6
7 16
0 3
0 4
0 5
0 6
1 3
1 5
1 6
2 4
2 5
2 6
3 4
3 5
3 6
4 5
4 6
5 6
7 14
0 3
0 4
0 5
0 6
1 3
1 4
1 5
1 6
2 6
3 5
3 6
4 5
4 6
5 6
7 15
0 3
0 4
0 5
0 6
1 3
1 4
1 5
1 6
2 5
2 6
3 5
3 6
4 5
4 6
5 6
7 14
0 3
0 4
0 5
0 6
1 3
1 4
2 5
2 6
3 4
3 5
3 6
4 5
4 6
5 6
7 15
0 3
0 4
0 5
0 6
1 3
1 4
1 5
1 6
2 6
3 4
3 5
3 6
4 5
4 6
5 6
7 16
0 3
0 4
0 5
0 6
1 3
1 4
1 5
1 6
2 5
2 6
3 4
3 5
3 6
4 5
4 6
5 6
7 17
0 3
0 4
0 5
0 6
1 3
1 4
1 5
1 6
2 4
2 5
2 6
3 4
3 5
3 6
4 5
4 6
5 6
7 18
0 3
0 4
0 5
0 6
1 3
1 4
1 5
1 6
2 3
2 4
2 5
2 6
3 4
3 5
3 6
4 5
4 6
5 6
7 12
0 2
0 4
0 6
1 3
1 5
1 6
2 4
2 6
3 5
3 6
4 6
5 6
7 13
0 2
0 4
0 5
0 6
1 3
1 6
2 4
2 5
2 6
3 6
4 5
4 6
5 6
7 11
0 2
0 4
0 5
0 6
1 3
1 5
1 6
2 4
2 6
3 5
5 6
7 15
0 2
0 4
0 5
0 6
1 3
1 5
1 6
2 4
2 5
2 6
3 5
3 6
4 5
4 6
5 6
7 15
0 2
0 4
0 5
0 6
1 3
1 4
1 5
1 6
2 4
2 6
3 5
3 6
4 5
4 6
5 6
7 17
0 2
0 4
0 5
0 6
1 3
1 4
1 5
1 6
2 4
2 5
2 6
3 4
3 5
3 6
4 5
4 6
5 6
7 16
0 2
0 3
0 4
0 5
0 6
1 6
2 3
2 4
2 5
2 6
3 4
3 5
3 6
4 5
4 6
5 6
7 17
0 2
0 3
0 4
0 5
0 6
1 5
1 6
2 3
2 4
2 5
2 6
3 4
3 5
3 6
4 5
4 6
5 6
7 16
0 2
0 3
0 4
0 5
0 6
1 4
1 5
1 6
2 3
2 4
2 5
2 6
3 6
4 5
4 6
5 6
7 18
0 2
0 3
0 4
0 5
0 6
1 4
1 5
1 6
2 3
2 4
2 5
2 6
3 4
3 5
3 6
4 5
4 6
5 6
7 16
0 2
0 3
0 5
0 6
1 3
1 4
1 5
1 6
2 4
2 5
2 6
3 5
3 6
4 5
4 6
5 6
7 15
0 2
0 3
0 4
0 6
1 3
1 4
1 5
1 6
2 4
2 5
2 6
3 5
3 6
4 6
5 6
7 14
0 2
0 3
0 4
0 5
1 3
1 4
1 5
1 6
2 4
2 5
2 6
3 5
3 6
4 6
7 18
0 2
0 3
0 4
0 5
0 6
1 3
1 4
1 5
1 6
2 4
2 5
2 6
3 4
3 5
3 6
4 5
4 6
5 6
7 19
0 2
0 3
0 4
0 5
0 6
1 3
1 4
1 5
1 6
2 3
2 4
2 5
2 6
3 4
3 5
3 6
4 5
4 6
5 6
7 18
0 2
0 3
0 4
0 5
0 6
1 2
1 3
1 4
1 5
1 6
2 4
2 5
2 6
3 4
3 5
3 6
4 6
5 6
7 19
0 2
0 3
0 4
0 5
0 6
1 2
1 3
1 4
1 5
1 6
2 4
2 5
2 6
3 4
3 5
3 6
4 5
4 6
5 6
7 20
0 2
0 3
0 4
0 5
0 6
1 2
1 3
1 4
1 5
1 6
2 3
2 4
2 5
2 6
3 4
3 5
3 6
4 5
4 6
5 6
7 21
0 1
0 2
0 3
0 4
0 5
0 6
1 2
1 3
1 4
1 5
1 6
2 3
2 4
2 5
2 6
3 4
3 5
3 6
4 5
4 6
5 6